##;##
@Airflow2
HACS volumetric airflow;Parallel volumetric airflow 0.1 loss;Parallel volumetric airflow 0.2 loss;Parallel volumetric airflow 0.3 loss;Parallel volumetric airflow 0.4 loss;Parallel volumetric airflow 0.5 loss
0.08163265;0.08163265;0.08163265;0.08163265;0.08979592;0.10612244
0.10612244;0.114285715;0.13061225;0.14693879;0.1714286;0.20408168
0.114285715;0.13061225;0.14693879;0.16326533;0.18775514;0.22857144
0.17959186;0.20408168;0.22857144;0.26122448;0.30204076;0.35918358
0.26122448;0.28571424;0.32653055;0.36734682;0.4326529;0.51428545
0.34285706;0.38367334;0.4326529;0.48979568;0.57142824;0.6857139
0.39183658;0.44081613;0.48979568;0.563265;0.65306085;0.7836729
0.4081631;0.4489794;0.5061222;0.5795915;0.6775506;0.80816275
0.46530592;0.51428545;0.5795915;0.66122407;0.76734644;0.9224484
0.530612;0.5877548;0.66122407;0.75918317;0.8816321;1.0612237
0.5877548;0.65306085;0.7346934;0.8408158;0.9795912;1.1755093
0.6204078;0.6857139;0.76734644;0.8816321;1.0285708;1.2326522
0.66938734;0.7428567;0.83265257;0.95510143;1.1102033;1.3306112
0.7510199;0.8408158;0.9387749;1.0775503;1.257142;1.5020397
0.7755097;0.8571423;0.96326464;1.10204;1.2897949;1.542856
0.83265257;0.9224484;1.036734;1.1836727;1.3795907;1.6571417
0.8408158;0.9387749;1.0530605;1.1999991;1.4040805;1.6816314
0.9306116;1.0285708;1.1591828;1.322448;1.542856;1.8530598
0.9387749;1.0448972;1.1755093;1.3387744;1.5673457;1.8775495
0.9877544;1.10204;1.2408154;1.4122438;1.6489784;1.9755087
1.069387;1.1836727;1.3306112;1.5265294;1.7795905;2.1306105
1.134693;1.257142;1.420407;1.6163253;1.8857129;2.269386
1.1999991;1.3387744;1.5020397;1.7142844;1.9999985;2.399998
1.2244889;1.355101;1.5265294;1.7469375;2.0326514;2.4408143
1.257142;1.3959173;1.575509;1.795917;2.0979576;2.5142837
1.2816317;1.420407;1.5999987;1.82857;2.1306105;2.5551
1.2897949;1.4367336;1.6163253;1.8448966;2.1469371;2.5795896
1.3142847;1.4530602;1.6408151;1.8693863;2.17959;2.620406
1.322448;1.4693866;1.6489784;1.8857129;2.2040799;2.6367326
1.3959173;1.5510192;1.7469375;1.9999985;2.3265288;2.7918344
1.4122438;1.5673457;1.763264;2.016325;2.3510184;2.8163242
1.4775499;1.6408151;1.8448966;2.1061208;2.457141;2.9550996
1.4938763;1.6571417;1.8612231;2.1306105;2.4816306;2.9795892
1.5102029;1.6734681;1.8857129;2.1551003;2.5142837;3.0122423
1.5346926;1.7061212;1.9183658;2.1959167;2.5632632;3.069385
1.5673457;1.7387742;1.9591821;2.236733;2.6122427;3.126528
1.608162;1.7795905;2.0081618;2.2938757;2.6693854;3.2081606
1.6408151;1.82857;2.0571413;2.3510184;2.7346916;3.2816303
1.7224476;1.9102026;2.1469371;2.457141;2.8653038;3.4367359
1.7387742;1.9346924;2.1714268;2.4816306;2.8979568;3.4775531
1.7551007;1.9428556;2.1877534;2.4979572;2.9142833;3.5020435
1.8122436;2.0081618;2.2612226;2.5795896;3.0122423;3.6163318
1.82857;2.0326514;2.2857125;2.6122427;3.0448954;3.657149
1.8367333;2.0408146;2.302039;2.6285694;3.0612218;3.673476
1.8530598;2.0571413;2.3183656;2.6448958;3.0857117;3.6979663
1.8693863;2.081631;2.3428552;2.6693854;3.1183648;3.7387836
1.8857129;2.0897942;2.3510184;2.6938753;3.1346912;3.763274
1.8938761;2.1061208;2.367345;2.7102017;3.1591809;3.7877643
1.9183658;2.1306105;2.3918347;2.7346916;3.191834;3.8285816
1.9265292;2.138774;2.4081614;2.751018;3.2081606;3.853072
1.9836719;2.2040799;2.4816306;2.8326507;3.3061206;3.9673603
2.016325;2.236733;2.5142837;2.873467;3.3551013;4.024504
2.081631;2.3102021;2.5959163;2.971426;3.4612262;4.1551194
2.0897942;2.3265288;2.6122427;2.9877527;3.4857166;4.17961
2.1061208;2.334692;2.6285694;3.004079;3.5020435;4.2041
2.1224473;2.359182;2.653059;3.0367322;3.5346973;4.2449174
2.138774;2.3755083;2.6693854;3.0530586;3.5591877;4.2694077
2.1551003;2.3918347;2.6938753;3.0775485;3.5918415;4.310225
2.1714268;2.4163246;2.7183652;3.1020381;3.6244953;4.342879
2.1959167;2.4408143;2.7428548;3.1346912;3.657149;4.383696
2.2285697;2.4816306;2.7918344;3.1836708;3.7142932;4.457167
2.2448962;2.4897938;2.808161;3.2081606;3.7387836;4.4816575
2.2530594;2.5061204;2.8163242;3.224487;3.7551105;4.506148
2.2775493;2.53061;2.8408139;3.2489767;3.7877643;4.546965
2.3428552;2.6040795;2.9306097;3.346938;3.9020526;4.6775804
2.432651;2.7020385;3.0367322;3.4693897;4.0489945;4.8571763
2.4489777;2.7183652;3.0612218;3.49388;4.0816483;4.88983
2.4979572;2.775508;3.1183648;3.567351;4.1551194;4.9877915
2.5224469;2.808161;3.1591809;3.6081684;4.2041;5.0449357
2.5387735;2.8163242;3.1673443;3.6244953;4.2285905;5.069426
2.5551;2.8408139;3.191834;3.6489856;4.2612443;5.1102433
2.5795896;2.8653038;3.2163239;3.6816394;4.293898;5.1510606
2.5959163;2.8816302;3.2408135;3.7061298;4.3183885;5.1837144
2.620406;2.9142833;3.2816303;3.746947;4.367369;5.2408586
2.653059;2.9469364;3.314284;3.7877643;4.41635;5.2980027
2.685712;2.9795892;3.3551013;3.8285816;4.4653306;5.3633103
2.7102017;3.0122423;3.3877552;3.8693988;4.5143113;5.4204545
2.7265284;3.0367322;3.4122455;3.9020526;4.546965;5.4531083
2.7428548;3.0448954;3.4285724;3.9183795;4.563292;5.4775987
2.7591813;3.069385;3.4530628;3.94287;4.595946;5.518416
2.775508;3.0775485;3.4693897;3.9591968;4.620436;5.5429063
2.7999976;3.1102014;3.5020435;4.000014;4.669417;5.6000504
2.8163242;3.126528;3.5183704;4.0163407;4.685744;5.624541
2.8653038;3.1836708;3.5755146;4.089812;4.7673783;5.722502
2.873467;3.191834;3.5918415;4.1061387;4.783705;5.7469926
2.90612;3.224487;3.6244953;4.146956;4.832686;5.8041368
2.9306097;3.2571402;3.6653125;4.187773;4.8816667;5.861281
2.9550996;3.2816303;3.689803;4.2122636;4.9143205;5.902098
2.971426;3.2979572;3.7142932;4.2449174;4.9469743;5.934752
2.9795892;3.314284;3.7306201;4.2612443;4.9714646;5.9592423
3.004079;3.3387744;3.7551105;4.2857347;5.0041184;6.0000596
3.0204055;3.3551013;3.7714374;4.310225;5.028609;6.040877
3.0367322;3.3714283;3.7877643;4.3347154;5.053099;6.065367
3.0448954;3.3795917;3.8040912;4.3510423;5.069426;6.0898576
3.093875;3.4367359;3.8693988;4.41635;5.1510606;6.1796556
3.1102014;3.4612262;3.8857257;4.4408402;5.1837144;6.220473
3.1346912;3.4775531;3.910216;4.473494;5.216368;6.26129
3.1428545;3.49388;3.926543;4.489821;5.2408586;6.2857804
3.1755075;3.5265338;3.9673603;4.530638;5.281676;6.3429246
3.1999972;3.5591877;4.000014;4.5714555;5.3306565;6.4000688
