##;##
@Airflow2
HACS volumetric airflow;Parallel volumetric airflow 0.1 loss;Parallel volumetric airflow 0.2 loss;Parallel volumetric airflow 0.3 loss;Parallel volumetric airflow 0.4 loss;Parallel volumetric airflow 0.5 loss
0.08163265;0.08163265;0.08163265;0.08163265;0.08979592;0.10612244
0.12244898;0.13061225;0.14693879;0.1714286;0.19591841;0.2367347
0.18775514;0.21224493;0.2367347;0.26938772;0.31020403;0.3755101
0.26122448;0.2938775;0.32653055;0.3755101;0.44081613;0.5224487
0.3346938;0.36734682;0.41632637;0.47346917;0.5469385;0.66122407
0.39999986;0.44081613;0.49795893;0.57142824;0.66122407;0.7918362
0.46530592;0.51428545;0.5795915;0.66122407;0.7755097;0.9306116
0.51428545;0.57142824;0.6448976;0.7346934;0.8571423;1.0285708
0.57142824;0.6367343;0.7183669;0.81632596;0.95510143;1.1428564
0.62857103;0.7020404;0.7918362;0.8979586;1.0530605;1.257142
0.71020365;0.7836729;0.8816321;1.0122442;1.1755093;1.4122438
0.72653013;0.80816275;0.90612185;1.036734;1.2081624;1.4530602
0.7755097;0.86530554;0.9714279;1.1102033;1.2897949;1.5510192
0.8244893;0.9224484;1.036734;1.1836727;1.3795907;1.6489784
0.8979586;0.9959177;1.1183666;1.2734685;1.4857131;1.7877537
0.96326464;1.069387;1.1999991;1.3714275;1.5999987;1.9183658
1.036734;1.1510196;1.2979583;1.4857131;1.730611;2.0734677
1.0938767;1.2163256;1.3714275;1.5673457;1.8204068;2.1877534
1.134693;1.257142;1.420407;1.6163253;1.8857129;2.2612226
1.1836727;1.3142847;1.4775499;1.6897947;1.9755087;2.367345
1.257142;1.4040805;1.575509;1.795917;2.0979576;2.5142837
1.2897949;1.4367336;1.608162;1.8448966;2.1469371;2.5795896
1.3061215;1.4530602;1.6326518;1.8693863;2.17959;2.6122427
1.3306112;1.4775499;1.6571417;1.8938761;2.212243;2.653059
1.4122438;1.575509;1.7714273;2.016325;2.359182;2.8244874
1.4857131;1.6489784;1.8530598;2.114284;2.4653041;2.9632628
1.5591824;1.730611;1.9510189;2.2285697;2.5959163;3.1102014
1.6244885;1.8040802;2.0326514;2.3183656;2.7102017;3.2489767
1.6571417;1.8367333;2.0653045;2.359182;2.751018;3.3061206
1.6897947;1.8775495;2.114284;2.4163246;2.8163242;3.3795917
1.7224476;1.9102026;2.1551003;2.457141;2.8653038;3.4367359
1.7714273;1.9673454;2.212243;2.53061;2.9469364;3.5428607
1.8040802;1.9999985;2.2530594;2.5714264;2.995916;3.600005
1.82857;2.0326514;2.2857125;2.6122427;3.0448954;3.657149
1.8612231;2.0653045;2.3183656;2.653059;3.093875;3.7142932
1.8857129;2.0979576;2.359182;2.6938753;3.1428545;3.7714374
1.9020394;2.114284;2.3755083;2.7102017;3.1673443;3.7959278
1.9836719;2.2040799;2.4816306;2.8326507;3.3061206;3.9673603
1.9999985;2.2204063;2.4979572;2.8489773;3.330611;3.9918506
2.0244882;2.2530594;2.53061;2.8897934;3.3714283;4.0489945
2.0653045;2.2938757;2.5795896;2.9469364;3.4367359;4.130629
2.0979576;2.3265288;2.620406;2.9877527;3.4857166;4.187773
2.1224473;2.359182;2.653059;3.028569;3.5346973;4.2449174
2.1551003;2.3918347;2.685712;3.069385;3.583678;4.3020616
2.1877534;2.432651;2.7346916;3.126528;3.6489856;4.3755326
2.236733;2.4897938;2.7999976;3.1999972;3.7306201;4.473494
2.269386;2.5224469;2.8326507;3.2408135;3.7796009;4.530638
2.2857125;2.5387735;2.8571405;3.2653034;3.8122547;4.5714555
2.302039;2.5551;2.873467;3.2816303;3.8285816;4.595946
2.3265288;2.587753;2.90612;3.3224475;3.8775623;4.65309
2.3428552;2.5959163;2.9224465;3.3387744;3.8938892;4.6775804
2.3918347;2.653059;2.9877527;3.4122455;3.9836872;4.775542
2.4653041;2.7428548;3.0857117;3.5183704;4.1061387;4.9306474
2.4816306;2.751018;3.093875;3.5428607;4.130629;4.9551377
2.5061204;2.7836711;3.1346912;3.583678;4.17961;5.012282
2.5632632;2.8489773;3.2081606;3.6653125;4.2694077;5.12657
2.6448958;2.9306097;3.2979572;3.7714374;4.400023;5.281676
2.6612222;2.9550996;3.3224475;3.7959278;4.432677;5.3143296
2.7020385;2.995916;3.3714283;3.853072;4.4979844;5.395964
2.7591813;3.0612218;3.4448993;3.9347064;4.595946;5.5102525
2.7836711;3.093875;3.4775531;3.9755237;4.636763;5.5673966
2.873467;3.191834;3.5918415;4.0979753;4.783705;5.738829
2.9142833;3.2326503;3.6408222;4.1551194;4.849013;5.8204637
2.9469364;3.2734668;3.6816394;4.2122636;4.9143205;5.8939347
2.971426;3.2979572;3.7061298;4.236754;4.9469743;5.934752
2.995916;3.330611;3.746947;4.277571;4.995955;5.991896
3.0122423;3.346938;3.7714374;4.310225;5.0204453;6.02455
3.0367322;3.3714283;3.7959278;4.3347154;5.053099;6.065367
3.0775485;3.4122455;3.8449085;4.3918595;5.118407;6.1470017
3.1020381;3.4448993;3.8775623;4.432677;5.1673875;6.204146
3.1346912;3.4775531;3.910216;4.473494;5.216368;6.26129
3.1428545;3.49388;3.926543;4.489821;5.2408586;6.2857804
3.1836708;3.5346973;3.9755237;4.546965;5.2980027;6.3592515
3.2081606;3.567351;4.0163407;4.5877824;5.3469834;6.4163957
3.224487;3.583678;4.024504;4.6041093;5.371474;6.440886
3.2489767;3.6163318;4.0653214;4.6449265;5.4204545;6.49803
3.2816303;3.6489856;4.0979753;4.685744;5.469435;6.555174
3.2979572;3.6653125;4.1224656;4.710234;5.4939256;6.595991
3.3224475;3.689803;4.146956;4.742888;5.5265794;6.6368084
3.346938;3.7224567;4.187773;4.783705;5.57556;6.6939526
3.3795917;3.7551105;4.220427;4.8245225;5.624541;6.7510967
3.4122455;3.7959278;4.2694077;4.8816667;5.6898484;6.824568
3.4530628;3.836745;4.3183885;4.9306474;5.755156;6.9062023
3.49388;3.8775623;4.367369;4.9877915;5.8204637;6.9796734
3.5183704;3.910216;4.400023;5.028609;5.8694444;7.0368176
3.5346973;3.926543;4.41635;5.0449357;5.8857713;7.061308
3.5755146;3.9673603;4.4653306;5.10208;5.951079;7.1429424
3.600005;4.000014;4.4979844;5.142897;6.0000596;7.2000866
3.6163318;4.024504;4.522475;5.1673875;6.0327134;7.2327404
3.6489856;4.057158;4.563292;5.2082047;6.081694;7.298048
3.6816394;4.089812;4.595946;5.249022;6.130675;7.355192
3.7061298;4.114302;4.6285996;5.2898393;6.171492;7.4123363
3.7387836;4.146956;4.669417;5.33882;6.220473;7.4694805
3.7551105;4.1714463;4.6939073;5.3633103;6.2531266;7.5021343
3.7877643;4.2041;4.726561;5.4041276;6.3021073;7.567442
3.8204181;4.2449174;4.775542;5.461272;6.367415;7.640913
3.910216;4.342879;4.8816667;5.5837235;6.514357;7.8123455
3.9591968;4.400023;4.9469743;5.649031;6.595991;7.910307
4.0081773;4.4490037;5.0041184;5.722502;6.669462;8.008268
4.0326676;4.4816575;5.0449357;5.7633195;6.718443;8.0654125
4.0653214;4.5143113;5.0775895;5.8041368;6.7674236;8.122557
4.089812;4.546965;5.1102433;5.844954;6.8164043;8.179701
4.1224656;4.579619;5.1510606;5.8857713;6.865385;8.236845
4.1714463;4.6285996;5.2082047;5.951079;6.9470196;8.334806
4.187773;4.65309;5.232695;5.9837327;6.9796734;8.375624
4.220427;4.685744;5.2735124;6.02455;7.028654;8.432768
4.253081;4.726561;5.3143296;6.0735307;7.0857983;8.506239
4.2857347;4.759215;5.355147;6.114348;7.134779;8.563383
4.310225;4.7918687;5.3878007;6.1633286;7.1837597;8.620527
4.326552;4.8081956;5.4041276;6.1796556;7.20825;8.645018
4.342879;4.8245225;5.428618;6.204146;7.240904;8.685835
3.4122455;3.7877643;4.2612443;4.8653398;5.681685;6.8164043
3.4285724;3.8122547;4.2857347;4.8979936;5.714339;6.8572216
3.4857166;3.8693988;4.3592057;4.979628;5.8041368;6.97151
3.5428607;3.9347064;4.4245133;5.0612626;5.902098;7.0857983
3.5591877;3.9591968;4.4490037;5.085753;5.934752;7.118452
3.600005;4.000014;4.506148;5.142897;6.0000596;7.2000866
3.657149;4.0653214;4.5714555;5.2245317;6.098021;7.314375
3.7224567;4.130629;4.6449265;5.3143296;6.1959825;7.4368267
3.7387836;4.1551194;4.669417;5.33882;6.2286363;7.4694805
3.7551105;4.1714463;4.6939073;5.3633103;6.26129;7.510298
3.7796009;4.1959367;4.7183976;5.395964;6.293944;7.551115
3.7959278;4.220427;4.742888;5.4204545;6.3265977;7.583769
3.8122547;4.236754;4.7673783;5.444945;6.3592515;7.624586
3.836745;4.2612443;4.7918687;5.4775987;6.383742;7.6654034
3.853072;4.277571;4.816359;5.502089;6.4163957;7.7062206
3.8693988;4.3020616;4.8408494;5.5265794;6.4490495;7.7388744
3.8938892;4.326552;4.8653398;5.559233;6.4817033;7.7796917
3.910216;4.342879;4.88983;5.5837235;6.514357;7.820509
3.926543;4.367369;4.9143205;5.6163774;6.5470104;7.853163
3.9510334;4.3918595;4.938811;5.6408677;6.579664;7.89398
3.9673603;4.4081864;4.963301;5.665358;6.612318;7.9347973
3.9918506;4.432677;4.9877915;5.698012;6.644972;7.9756145
4.0489945;4.4979844;5.053099;5.7796464;6.7429333;8.089903
4.0653214;4.5143113;5.0775895;5.8041368;6.775587;8.122557
4.0816483;4.5388017;5.10208;5.8367906;6.808241;8.163374
4.1061387;4.5551286;5.12657;5.861281;6.8327312;8.204191
4.1224656;4.579619;5.1510606;5.8857713;6.865385;8.245008
4.1387925;4.6041093;5.175551;5.918425;6.898039;8.277662
4.163283;4.620436;5.2000413;5.9429154;6.9306927;8.31848
4.17961;4.6449265;5.2245317;5.967406;6.9633465;8.359297
4.220427;4.6939073;5.2735124;6.0327134;7.0368176;8.440931
4.236754;4.7020707;5.2898393;6.0490403;7.0531445;8.465422
4.253081;4.726561;5.3143296;6.0735307;7.0857983;8.4980755
4.2694077;4.742888;5.33882;6.098021;7.118452;8.538893
4.2857347;4.759215;5.355147;6.114348;7.134779;8.563383
4.3020616;4.783705;5.3796372;6.1470017;7.167433;8.6042
4.326552;4.800032;5.4041276;6.171492;7.2000866;8.645018
4.342879;4.8245225;5.428618;6.204146;7.2327404;8.677671
