##;##
@Airflow2
HACS volumetric airflow;Parallel volumetric airflow 0.1 loss;Parallel volumetric airflow 0.2 loss;Parallel volumetric airflow 0.3 loss;Parallel volumetric airflow 0.4 loss;Parallel volumetric airflow 0.5 loss
0.08979592;0.09795918;0.114285715;0.13061225;0.14693879;0.17959186
0.15510206;0.1714286;0.19591841;0.22040819;0.26122448;0.31020403
0.24489796;0.26938772;0.30204076;0.34285706;0.39999986;0.48163244
0.31020403;0.34285706;0.38367334;0.44081613;0.51428545;0.6204078
0.35918358;0.39999986;0.4489794;0.51428545;0.59591806;0.7183669
0.42448962;0.47346917;0.530612;0.61224455;0.71020365;0.84897906
0.49795893;0.5469385;0.6204078;0.7020404;0.8244893;0.9877544
0.563265;0.6204078;0.7020404;0.7999995;0.9306116;1.1183666
0.57142824;0.6367343;0.7183669;0.81632596;0.95510143;1.1428564
0.6448976;0.71020365;0.7999995;0.9142851;1.069387;1.2816317
0.7183669;0.7999995;0.8979586;1.0204074;1.1918359;1.4285704
0.7836729;0.8734688;0.9795912;1.1183666;1.3061215;1.5673457
0.84897906;0.94693816;1.0612237;1.2163256;1.420407;1.6979579
0.9224484;1.0204074;1.1510196;1.3142847;1.5265294;1.8367333
0.9877544;1.0938767;1.2326522;1.4040805;1.6408151;1.9673454
1.0040809;1.1183666;1.257142;1.4367336;1.6734681;2.0081618
1.0857135;1.1999991;1.355101;1.542856;1.8040802;2.1632636
1.1102033;1.2326522;1.3877541;1.5836722;1.8448966;2.2204063
1.1428564;1.2653052;1.420407;1.6244885;1.8938761;2.2775493
1.2244889;1.3632643;1.5346926;1.7469375;2.0408146;2.4489777
1.257142;1.3959173;1.5673457;1.7877537;2.0897942;2.5061204
1.322448;1.4693866;1.6489784;1.8857129;2.2040799;2.6367326
1.3959173;1.5510192;1.7469375;1.9999985;2.3265288;2.7918344
1.4530602;1.6163253;1.8204068;2.081631;2.4244878;2.90612
1.5346926;1.7061212;1.9183658;2.1877534;2.5551;3.0612218
1.5591824;1.7387742;1.9510189;2.2285697;2.6040795;3.1183648
1.5999987;1.7795905;1.9999985;2.2857125;2.6612222;3.1999972
1.6571417;1.8448966;2.0734677;2.367345;2.7591813;3.314284
1.6897947;1.8693863;2.1061208;2.4081614;2.808161;3.3714283
1.730611;1.9265292;2.1632636;2.4734674;2.8897934;3.4612262
1.7877537;1.9836719;2.2285697;2.5469368;2.971426;3.567351
1.8530598;2.0571413;2.3102021;2.6448958;3.0857117;3.6979663
1.9346924;2.1551003;2.4244878;2.7673447;3.224487;3.8693988
1.9673454;2.1877534;2.457141;2.808161;3.2734668;3.926543
2.0081618;2.2285697;2.5061204;2.8653038;3.3387744;4.0081773
2.0326514;2.2612226;2.5387735;2.90612;3.3877552;4.0653214
2.0653045;2.2938757;2.5795896;2.9469364;3.4367359;4.1224656
2.0979576;2.334692;2.6285694;3.004079;3.5020435;4.1959367
2.1469371;2.3918347;2.685712;3.069385;3.583678;4.293898
2.1632636;2.399998;2.7020385;3.0857117;3.600005;4.3183885
2.2204063;2.4653041;2.775508;3.1673443;3.6979663;4.432677
2.269386;2.5224469;2.8326507;3.2408135;3.7796009;4.5388017
2.302039;2.5551;2.873467;3.2816303;3.8285816;4.595946
2.3265288;2.587753;2.90612;3.3224475;3.8775623;4.65309
2.359182;2.620406;2.9469364;3.3632648;3.926543;4.710234
2.3918347;2.6612222;2.995916;3.420409;3.9918506;4.783705
2.4244878;2.6938753;3.028569;3.4612262;4.0326676;4.8408494
2.4979572;2.775508;3.126528;3.567351;4.163283;4.995955
2.5224469;2.7999976;3.1510177;3.600005;4.1959367;5.0367723
2.5469368;2.8326507;3.1836708;3.6408222;4.2449174;5.0939164
2.5795896;2.8653038;3.224487;3.6816394;4.293898;5.1510606
2.6367326;2.9306097;3.2897937;3.763274;4.3918595;5.265349
2.653059;2.9469364;3.314284;3.7877643;4.4245133;5.306166
2.685712;2.9795892;3.3551013;3.8285816;4.4653306;5.3633103
2.7020385;3.004079;3.3795917;3.8612354;4.4979844;5.395964
2.7183652;3.0204055;3.404082;3.8857257;4.530638;5.4367814
2.775508;3.0857117;3.4693897;3.9673603;4.6285996;5.5510697
2.808161;3.1183648;3.510207;4.0081773;4.6775804;5.608214
2.8163242;3.1346912;3.5265338;4.024504;4.6939073;5.6327043
2.8571405;3.1755075;3.5755146;4.0816483;4.759215;5.714339
2.873467;3.1999972;3.5918415;4.1061387;4.7918687;5.7469926
2.8897934;3.2081606;3.6081684;4.1224656;4.816359;5.771483
2.9142833;3.2408135;3.6489856;4.163283;4.8571763;5.828627
2.9632628;3.2979572;3.7061298;4.236754;4.938811;5.9265885
2.9795892;3.3061206;3.7224567;4.253081;4.963301;5.951079
2.9877527;3.3224475;3.7387836;4.2694077;4.979628;5.9755692
3.004079;3.3387744;3.7551105;4.2857347;5.0041184;6.0000596
3.028569;3.3714283;3.7877643;4.326552;5.053099;6.057204
3.0530586;3.3877552;3.8122547;4.3592057;5.085753;6.098021
3.069385;3.4122455;3.836745;4.383696;5.1102433;6.1388383
3.1020381;3.4448993;3.8693988;4.4245133;5.159224;6.1959825
3.1346912;3.4857166;3.9183795;4.4816575;5.2245317;6.2694535
3.1510177;3.5020435;3.9347064;4.4979844;5.249022;6.293944
3.1755075;3.5346973;3.9755237;4.5388017;5.2980027;6.351088
3.1999972;3.5510242;3.9918506;4.563292;5.322493;6.3919053
3.2734668;3.6408222;4.089812;4.6775804;5.4531083;6.5470104
3.3061206;3.673476;4.130629;4.7183976;5.502089;6.6041546
3.314284;3.6816394;4.1387925;4.7347245;5.518416;6.628645
3.330611;3.7061298;4.163283;4.759215;5.5510697;6.6612988
3.3632648;3.7387836;4.2041;4.800032;5.6000504;6.718443
3.3959186;3.7714374;4.236754;4.8408494;5.649031;6.7837505
3.4122455;3.7877643;4.2612443;4.873503;5.681685;6.8164043
3.4693897;3.853072;4.3347154;4.9551377;5.7796464;6.9306927
3.510207;3.8938892;4.383696;5.012282;5.844954;7.012327
3.5346973;3.926543;4.41635;5.053099;5.8939347;7.0694714
3.5755146;3.9673603;4.4653306;5.10208;5.951079;7.1429424
3.600005;4.000014;4.506148;5.142897;6.0000596;7.2000866
3.6326587;4.0326676;4.5388017;5.1837144;6.0490403;7.2572308
3.657149;4.0653214;4.5714555;5.2245317;6.098021;7.314375
3.689803;4.0979753;4.6122727;5.2735124;6.1470017;7.3796825
3.7306201;4.1387925;4.6612535;5.322493;6.2123094;7.4531536
3.763274;4.187773;4.710234;5.3796372;6.277617;7.5266247
3.7959278;4.220427;4.742888;5.4204545;6.3265977;7.583769
3.8449085;4.2694077;4.800032;5.485762;6.4000688;7.6817303
3.8693988;4.3020616;4.8408494;5.534743;6.4490495;7.7388744
3.8938892;4.326552;4.8653398;5.559233;6.4817033;7.7796917
3.9347064;4.367369;4.9143205;5.6163774;6.5470104;7.861326
3.9591968;4.400023;4.9469743;5.6571946;6.595991;7.9184704
3.9755237;4.41635;4.963301;5.6735215;6.6204815;7.9429607
3.9836872;4.4245133;4.979628;5.6898484;6.6368084;7.9592876
4.057158;4.5143113;5.0775895;5.7959733;6.7674236;8.114393
4.089812;4.546965;5.1102433;5.8367906;6.8164043;8.171537
4.130629;4.5877824;5.159224;5.8939347;6.8735485;8.253172
4.163283;4.6285996;5.2082047;5.951079;6.938856;8.326643
4.2041;4.669417;5.2571855;6.008223;7.0041637;8.4082775
4.2449174;4.710234;5.306166;6.057204;7.0694714;8.481749
4.253081;4.726561;5.3143296;6.0735307;7.0857983;8.506239
4.2857347;4.759215;5.355147;6.114348;7.134779;8.563383
4.3020616;4.783705;5.3796372;6.1470017;7.167433;8.6042
4.3347154;4.816359;5.412291;6.187819;7.2164135;8.661345
4.342879;4.8245225;5.428618;6.204146;7.240904;8.685835
3.4122455;3.7877643;4.2612443;4.8653398;5.681685;6.8164043
3.4693897;3.853072;4.3347154;4.9469743;5.771483;6.9306927
3.4775531;3.8612354;4.3510423;4.9714646;5.7959733;6.955183
3.5346973;3.926543;4.41635;5.053099;5.8939347;7.0694714
3.5918415;3.9918506;4.489821;5.1347337;5.9837327;7.1837597
3.6163318;4.0163407;4.5143113;5.159224;6.0163865;7.224577
3.6326587;4.0326676;4.5388017;5.1837144;6.0490403;7.2572308
3.6489856;4.057158;4.563292;5.216368;6.081694;7.298048
3.7061298;4.1224656;4.636763;5.2980027;6.1796556;7.4123363
3.7306201;4.1387925;4.6612535;5.322493;6.2123094;7.4531536
3.7387836;4.1551194;4.6775804;5.33882;6.2286363;7.477644
3.763274;4.17961;4.7020707;5.371474;6.26129;7.518461
3.8204181;4.2449174;4.7673783;5.4531083;6.3592515;7.6327496
3.836745;4.2612443;4.7918687;5.4775987;6.3919053;7.6654034
3.853072;4.2857347;4.816359;5.5102525;6.424559;7.7062206
3.8775623;4.3020616;4.8408494;5.534743;6.457213;7.747038
3.8938892;4.326552;4.8653398;5.559233;6.4898667;7.787855
3.910216;4.3510423;4.88983;5.591887;6.5225205;7.820509
3.9347064;4.367369;4.9143205;5.6163774;6.555174;7.861326
3.9755237;4.41635;4.963301;5.6735215;6.6204815;7.9429607
3.9918506;4.432677;4.9877915;5.7061753;6.6531353;7.983778
4.0081773;4.457167;5.012282;5.7306657;6.685789;8.016432
4.0326676;4.4816575;5.0367723;5.755156;6.718443;8.057249
4.0489945;4.4979844;5.0612626;5.78781;6.7510967;8.098066
4.073485;4.522475;5.085753;5.8123;6.7837505;8.138884
4.089812;4.546965;5.1102433;5.8367906;6.8164043;8.171537
4.1061387;4.563292;5.1347337;5.8694444;6.8408947;8.212355
4.130629;4.5877824;5.159224;5.8939347;6.8735485;8.253172
4.146956;4.6041093;5.1837144;5.918425;6.9062023;8.285826
4.163283;4.6285996;5.2082047;5.951079;6.938856;8.326643
4.187773;4.65309;5.232695;5.9755692;6.97151;8.36746
4.2041;4.669417;5.2571855;6.008223;7.0041637;8.4082775
4.220427;4.6939073;5.281676;6.0327134;7.0368176;8.440931
4.2449174;4.710234;5.306166;6.057204;7.0694714;8.481749
4.2612443;4.7347245;5.3306565;6.0898576;7.102125;8.522566
4.2857347;4.759215;5.355147;6.114348;7.134779;8.55522
4.326552;4.800032;5.4041276;6.171492;7.2000866;8.645018
4.342879;4.8245225;5.428618;6.204146;7.2327404;8.677671
