##;##
@Airflow2
HACS volumetric airflow;Parallel volumetric airflow 0.1 loss;Parallel volumetric airflow 0.2 loss;Parallel volumetric airflow 0.3 loss;Parallel volumetric airflow 0.4 loss;Parallel volumetric airflow 0.5 loss
0.08163265;0.08163265;0.08163265;0.08163265;0.08979592;0.10612244
0.114285715;0.12244898;0.13877553;0.15510206;0.17959186;0.22040819
0.17959186;0.19591841;0.22040819;0.25306123;0.2938775;0.3510203
0.2367347;0.26122448;0.2938775;0.3346938;0.39183658;0.46530592
0.2938775;0.32653055;0.36734682;0.41632637;0.48979568;0.5795915
0.3510203;0.39183658;0.44081613;0.49795893;0.5795915;0.7020404
0.4081631;0.45714265;0.5061222;0.5795915;0.6775506;0.81632596
0.45714265;0.5061222;0.57142824;0.65306085;0.75918317;0.9142851
0.47346917;0.5224487;0.5877548;0.66938734;0.7836729;0.9387749
0.530612;0.5877548;0.66122407;0.7510199;0.8734688;1.0530605
0.5387752;0.59591806;0.6775506;0.76734644;0.8979586;1.0775503
0.563265;0.6204078;0.7020404;0.7999995;0.9306116;1.1183666
0.61224455;0.6775506;0.75918317;0.86530554;1.0122442;1.2163256
0.62857103;0.7020404;0.7836729;0.8979586;1.0448972;1.257142
0.6775506;0.7510199;0.84897906;0.9714279;1.1265298;1.355101
0.7428567;0.83265257;0.9306116;1.0612237;1.2408154;1.4857131
0.76734644;0.84897906;0.95510143;1.0938767;1.2734685;1.5265294
0.8244893;0.9142851;1.0285708;1.1755093;1.3714275;1.6408151
0.8408158;0.9387749;1.0530605;1.1999991;1.4040805;1.6816314
0.9306116;1.0285708;1.1591828;1.322448;1.542856;1.8530598
1.0122442;1.1265298;1.2653052;1.4448968;1.6897947;2.0244882
1.0938767;1.2081624;1.3632643;1.5591824;1.8122436;2.17959
1.1755093;1.3061215;1.4693866;1.6816314;1.9591821;2.3510184
1.257142;1.3959173;1.5673457;1.7877537;2.0897942;2.5061204
1.3142847;1.4530602;1.6408151;1.8693863;2.17959;2.620406
1.3714275;1.5183662;1.7142844;1.9510189;2.2775493;2.7346916
1.3877541;1.542856;1.730611;1.9836719;2.3102021;2.775508
1.4367336;1.5999987;1.795917;2.0571413;2.3918347;2.873467
1.4775499;1.6408151;1.8448966;2.1061208;2.457141;2.9469364
1.4857131;1.6571417;1.8612231;2.1224473;2.4816306;2.971426
1.5102029;1.6734681;1.8857129;2.1551003;2.5142837;3.0122423
1.5346926;1.7061212;1.9183658;2.1959167;2.5632632;3.069385
1.5591824;1.730611;1.9428556;2.2204063;2.587753;3.1102014
1.6244885;1.8040802;2.0244882;2.3183656;2.7020385;3.2408135
1.6897947;1.8775495;2.114284;2.4163246;2.8163242;3.3795917
1.7551007;1.9510189;2.1959167;2.5061204;2.9306097;3.510207
1.7795905;1.9755087;2.2204063;2.5387735;2.9550996;3.5510242
1.8367333;2.0408146;2.2938757;2.620406;3.0530586;3.6653125
1.9020394;2.114284;2.3755083;2.7183652;3.1673443;3.7959278
1.9102026;2.1224473;2.3918347;2.7346916;3.1836708;3.8204181
1.9428556;2.1551003;2.4244878;2.775508;3.2326503;3.8775623
1.9999985;2.2204063;2.4979572;2.8571405;3.330611;3.9918506
2.016325;2.2448962;2.5224469;2.8816302;3.3632648;4.0326676
2.0326514;2.2530594;2.5387735;2.8979568;3.3795917;4.057158
2.0979576;2.334692;2.620406;2.995916;3.49388;4.1959367
2.114284;2.3510184;2.6448958;3.0204055;3.5265338;4.2285905
2.138774;2.3755083;2.6693854;3.0530586;3.5591877;4.2694077
2.1632636;2.4081614;2.7020385;3.093875;3.6081684;4.326552
2.2040799;2.4489777;2.751018;3.1428545;3.673476;4.400023
2.2204063;2.4734674;2.775508;3.1755075;3.7061298;4.4408402
2.236733;2.4816306;2.7918344;3.191834;3.7224567;4.4653306
2.2530594;2.5061204;2.8163242;3.2163239;3.7551105;4.506148
2.269386;2.5142837;2.8326507;3.2326503;3.7714374;4.530638
2.2857125;2.5387735;2.8571405;3.2653034;3.8040912;4.5714555
2.302039;2.5632632;2.8816302;3.2897937;3.836745;4.6041093
2.3265288;2.5795896;2.90612;3.3224475;3.8693988;4.6449265
2.3428552;2.6040795;2.9306097;3.346938;3.9020526;4.685744
2.359182;2.6285694;2.9550996;3.3714283;3.9347064;4.7183976
2.3836715;2.6448958;2.9795892;3.404082;3.9673603;4.759215
2.457141;2.7346916;3.069385;3.510207;4.0979753;4.9143205
2.4816306;2.751018;3.093875;3.5346973;4.130629;4.9551377
2.5061204;2.7836711;3.1346912;3.5755146;4.1714463;5.012282
2.5387735;2.8163242;3.1673443;3.6244953;4.220427;5.069426
2.6040795;2.8897934;3.2489767;3.7142932;4.3347154;5.2000413
2.6122427;2.90612;3.2653034;3.7306201;4.3592057;5.2245317
2.6367326;2.9224465;3.2897937;3.763274;4.383696;5.265349
2.6612222;2.9550996;3.330611;3.8040912;4.432677;5.322493
2.6938753;2.9877527;3.3632648;3.8449085;4.4816575;5.3796372
2.7428548;3.0448954;3.420409;3.910216;4.563292;5.4775987
2.775508;3.0857117;3.4693897;3.9673603;4.6285996;5.5510697
2.808161;3.1183648;3.510207;4.0081773;4.6775804;5.608214
2.8163242;3.1346912;3.5265338;4.024504;4.6939073;5.6327043
2.8408139;3.1510177;3.5510242;4.057158;4.726561;5.6735215
2.8571405;3.1755075;3.567351;4.0816483;4.759215;5.714339
2.873467;3.191834;3.583678;4.0979753;4.783705;5.738829
2.8979568;3.2163239;3.6244953;4.1387925;4.8245225;5.7959733
2.9142833;3.2326503;3.6408222;4.1551194;4.849013;5.8204637
2.9224465;3.2489767;3.6489856;4.1714463;4.8653398;5.844954
2.9387732;3.2653034;3.673476;4.2041;4.8979936;5.877608
2.9632628;3.2897937;3.6979663;4.2285905;4.9306474;5.918425
2.971426;3.3061206;3.7142932;4.2449174;4.9551377;5.9429154
3.0530586;3.3877552;3.8122547;4.3592057;5.0775895;6.098021
3.069385;3.4122455;3.836745;4.383696;5.1102433;6.130675
3.1020381;3.4448993;3.8693988;4.4245133;5.159224;6.1959825
3.1102014;3.4530628;3.8857257;4.4408402;5.1837144;6.2123094
3.1183648;3.4693897;3.9020526;4.457167;5.2000413;6.2367997
3.1510177;3.5020435;3.9347064;4.4979844;5.249022;6.3021073
3.1673443;3.5183704;3.9591968;4.530638;5.281676;6.334761
3.1836708;3.5346973;3.9755237;4.546965;5.2980027;6.3592515
3.191834;3.5510242;3.9918506;4.563292;5.322493;6.383742
3.2163239;3.567351;4.0163407;4.5877824;5.355147;6.424559
3.224487;3.583678;4.0326676;4.6041093;5.371474;6.4490495
3.2571402;3.6163318;4.0653214;4.6449265;5.4204545;6.5061936
3.2816303;3.6489856;4.1061387;4.685744;5.469435;6.5633373
3.314284;3.6816394;4.1387925;4.726561;5.518416;6.6204815
3.330611;3.6979663;4.163283;4.759215;5.5510697;6.6612988
3.346938;3.7142932;4.17961;4.775542;5.5673966;6.685789
3.3714283;3.746947;4.2122636;4.816359;5.6163774;6.7429333
3.3877552;3.763274;4.2285905;4.832686;5.6408677;6.7674236
3.404082;3.7796009;4.253081;4.8571763;5.6735215;6.8000774
3.4448993;3.8204181;4.3020616;4.9143205;5.7306657;6.881712
3.4530628;3.836745;4.3183885;4.9306474;5.755156;6.9062023
3.4775531;3.8612354;4.342879;4.963301;5.78781;6.938856
3.5020435;3.8938892;4.3755326;5.0041184;5.8367906;7.0041637
3.5346973;3.926543;4.41635;5.0449357;5.8857713;7.061308
3.5755146;3.9755237;4.473494;5.1102433;5.9592423;7.151106
3.6653125;4.073485;4.579619;5.232695;6.1061845;7.330702
3.6816394;4.089812;4.595946;5.249022;6.130675;7.355192
3.6979663;4.1061387;4.620436;5.281676;6.155165;7.387846
3.7224567;4.1387925;4.65309;5.322493;6.204146;7.44499
3.7387836;4.1551194;4.669417;5.33882;6.2286363;7.4694805
3.7796009;4.1959367;4.7183976;5.395964;6.293944;7.551115
3.8122547;4.236754;4.7673783;5.444945;6.3592515;7.624586
3.836745;4.2612443;4.7918687;5.4775987;6.383742;7.6654034
3.8449085;4.2694077;4.8081956;5.4939256;6.408232;7.6898937
3.8693988;4.293898;4.832686;5.518416;6.440886;7.730711
3.8938892;4.326552;4.8653398;5.559233;6.4898667;7.787855
3.910216;4.342879;4.8816667;5.57556;6.5061936;7.8123455
3.926543;4.3592057;4.906157;5.608214;6.538847;7.8449993
3.9673603;4.400023;4.9551377;5.6571946;6.6041546;7.926634
3.9836872;4.4245133;4.979628;5.6898484;6.6368084;7.9592876
4.024504;4.4653306;5.028609;5.7469926;6.702116;8.040922
4.0326676;4.4816575;5.0449357;5.7633195;6.718443;8.0654125
4.0489945;4.4979844;5.053099;5.7796464;6.7429333;8.089903
4.0979753;4.546965;5.118407;5.844954;6.824568;8.187864
4.1224656;4.579619;5.1510606;5.8857713;6.865385;8.245008
4.1387925;4.595946;5.1673875;5.902098;6.8898754;8.269499
4.17961;4.6449265;5.2245317;5.9755692;6.97151;8.359297
4.2122636;4.6775804;5.265349;6.0163865;7.0204906;8.416441
4.220427;4.6939073;5.281676;6.0327134;7.0368176;8.440931
4.236754;4.710234;5.2980027;6.0490403;7.0531445;8.465422
4.2612443;4.7347245;5.3306565;6.0898576;7.102125;8.522566
4.2857347;4.759215;5.355147;6.114348;7.134779;8.563383
4.3020616;4.783705;5.3796372;6.1470017;7.167433;8.6042
4.3347154;4.816359;5.412291;6.187819;7.2164135;8.661345
3.4693897;3.853072;4.3347154;4.9551377;5.7796464;6.938856
3.4857166;3.8693988;4.3510423;4.9714646;5.8041368;6.9633465
3.5346973;3.926543;4.41635;5.0449357;5.8857713;7.061308
3.5428607;3.9347064;4.432677;5.0612626;5.902098;7.0857983
3.5591877;3.9510334;4.4408402;5.0775895;5.9265885;7.1102886
3.567351;3.9673603;4.457167;5.0939164;5.9429154;7.134779
3.583678;3.9755237;4.473494;5.1102433;5.967406;7.1592693
3.5918415;3.9918506;4.489821;5.12657;5.9837327;7.1837597
3.6081684;4.0081773;4.506148;5.1510606;6.008223;7.20825
3.6163318;4.0163407;4.522475;5.1673875;6.02455;7.2327404
3.6244953;4.0326676;4.530638;5.1837144;6.040877;7.2490673
3.6408222;4.040831;4.546965;5.2000413;6.065367;7.2735577
3.6489856;4.057158;4.563292;5.216368;6.081694;7.298048
3.6653125;4.073485;4.579619;5.232695;6.1061845;7.3225384
3.7142932;4.130629;4.6449265;5.306166;6.187819;7.4286633
