##;##
@Chart
PowerConsumption;Cooling Power Consumption;Nb of deployed VMs
353.496;110.675;1
766.24;239.90001;2
1238.232;387.67502;3
1769.473;554.0;4
2182.217;683.225;5
2654.2087;831.0;6
3066.9526;960.225;7
3479.6965;1089.45;8
3892.4404;1218.6749;9
4364.4326;1366.4498;10
4438.4937;1389.6368;11
4910.486;1537.4119;12
5219.546;1634.1746;13
5338.043;1671.2736;14
5456.54;1708.3735;15
5869.284;1837.5985;16
6282.0283;1966.8235;17
6694.7725;2096.0486;18
7226.014;2262.3735;19
7579.5103;2373.0486;20
7757.255;2428.698;21
8229.247;2576.4731;22
8303.308;2599.6602;23
8716.052;2728.8853;24
9069.548;2839.5603;25
9482.292;2968.7854;26
9660.036;3024.4355;27
10072.78;3153.6606;28
10146.841;3176.8477;29
10678.083;3343.1729;30
11150.074;3490.948;31
11268.571;3528.0469;32
11342.631;3551.234;33
11873.872;3717.559;34
12051.615;3773.209;35
12405.112;3883.884;36
12701.353;3976.633;37
12879.098;4032.282;38
13116.09;4106.481;39
13528.834;4235.706;40
13706.578;4291.356;41
13943.571;4365.5547;42
14356.315;4494.78;43
14709.812;4605.455;44
15122.556;4734.68;45
15196.616;4757.867;46
15374.361;4813.516;47
15552.105;4869.165;48
15729.851;4924.814;49
15966.844;4999.0127;50
16438.836;5146.7876;51
16616.58;5202.4365;52
16794.326;5258.0854;53
17031.318;5332.2847;54
17105.379;5355.4727;55
17179.44;5378.6597;56
17357.182;5434.3086;57
17475.678;5471.4087;58
17549.738;5494.5967;59
17845.979;5587.3457;60
18023.723;5642.9946;61
18436.467;5772.2197;62
18614.21;5827.8696;63
18688.271;5851.0566;64
18866.016;5906.7056;65
19103.01;5980.9043;66
19280.754;6036.5537;67
19458.498;6092.2026;68
19754.738;6184.9517;69
19932.482;6240.6006;70
20110.227;6296.2505;71
20287.97;6351.9004;72
20465.713;6407.5503;73
20702.705;6481.7495;74
20880.45;6537.3984;75
21058.193;6593.0483;76
21132.254;6616.2354;77
21206.314;6639.4224;78
21443.307;6713.622;79
21621.05;6769.272;80
21739.547;6806.3706;81
21858.043;6843.469;82
22154.283;6936.2183;83
22391.275;7010.4185;84
22509.771;7047.5176;85
22628.268;7084.6177;86
22865.262;7158.8174;87
23043.006;7214.4673;88
23117.064;7237.6543;89
23235.56;7274.7534;90
23309.621;7297.9404;91
23546.613;7372.1406;92
23724.357;7427.7896;93
23902.102;7483.4385;94
24139.096;7557.637;95
24316.84;7613.287;96
24435.336;7650.387;97
24613.08;7706.036;98
24790.824;7761.686;99
25027.816;7835.886;100
25264.807;7910.086;101
25442.55;7965.736;102
25679.543;8039.936;103
25857.287;8095.585;104
25975.783;8132.685;105
26094.28;8169.785;106
26212.775;8206.885;107
26449.77;8281.085;108
26523.83;8304.271;109
26597.89;8327.459;110
26716.387;8364.559;111
19692.629;6165.509;72
20608.982;6452.4067;73
21201.463;6637.906;74
22325.184;6989.7285;75
22621.424;7082.4785;76
22739.92;7119.5776;77
22310.371;6985.092;78
22488.117;7040.7417;79
22058.568;6906.256;80
21703.078;6794.957;81
21703.078;6794.957;82
21703.078;6794.957;83
22367.627;7003.0195;84
22486.12;7040.119;85
22604.615;7077.2183;86
22782.361;7132.868;87
22960.107;7188.518;88
22960.107;7188.518;89
23256.348;7281.267;90
23256.348;7281.267;91
23434.092;7336.9165;92
23552.588;7374.0156;93
23626.648;7397.2026;94
23878.451;7476.0386;95
23878.451;7476.0386;96
24056.197;7531.6885;97
24233.941;7587.3384;98
24411.688;7642.9883;99
24485.748;7666.1753;100
24189.508;7573.4263;101
24308.004;7610.5254;102
24426.5;7647.6245;103
24500.56;7670.8125;104
24796.799;7763.5615;105
24796.799;7763.5615;106
24796.799;7763.5615;107
25093.04;7856.3105;108
25270.78;7911.96;109
25507.768;7986.158;110
25685.514;8041.808;111
25863.258;8097.4585;112
26100.25;8171.6577;113
26277.996;8227.308;114
25804.012;8078.908;115
25907.695;8111.37;116
25981.756;8134.557;117
26159.496;8190.2065;118
26159.496;8190.2065;119
26337.236;8245.8545;120
26574.23;8320.055;121
26692.727;8357.153;122
26870.469;8412.804;123
27048.213;8468.454;124
27285.205;8542.653;125
27359.266;8565.84;126
27433.326;8589.027;127
27611.07;8644.676;128
27729.566;8681.774;129
27803.627;8704.961;130
28099.865;8797.71;131
28099.865;8797.71;132
28277.611;8853.36;133
28455.361;8909.01;134
28529.422;8932.196;135
28707.166;8987.846;136
28944.158;9062.046;137
29121.908;9117.695;138
29299.648;9173.344;139
29595.889;9266.094;140
29773.629;9321.742;141
29951.379;9377.392;142
30129.123;9433.041;143
30129.123;9433.041;144
30129.123;9433.041;145
30306.873;9488.69;146
30484.613;9544.34;147
30558.674;9567.527;148
30632.734;9590.716;149
30869.734;9664.915;150
31047.475;9720.564;151
31165.969;9757.664;152
31284.465;9794.764;153
31580.703;9887.513;154
31817.695;9961.713;155
31936.188;9998.8125;156
31936.188;9998.8125;157
32173.18;10073.013;158
32350.93;10128.662;159
32350.93;10128.662;160
32469.424;10165.763;161
32543.484;10188.95;162
32780.484;10263.149;163
32958.227;10318.798;164
33135.977;10374.447;165
33372.965;10448.646;166
33550.715;10504.295;167
33669.215;10541.394;168
33846.965;10597.044;169
34024.715;10652.693;170
34261.715;10726.893;171
34498.715;10801.092;172
34676.457;10856.741;173
34913.457;10930.94;174
35091.207;10986.59;175
35209.707;11023.689;176
35328.207;11060.788;177
35446.707;11097.887;178
35683.7;11172.086;179
35757.758;11195.273;180
35831.82;11218.462;181
35950.32;11255.562;182
